eval_loss = 0.161406416825093
r2 = 0.8357083242287906
