eval_loss = 0.873926654090594
r2 = 0.14219271062697902
