eval_loss = 0.20941115735547133
r2 = 0.7963749537838423
rsme = 0.4576146404539009
