eval_loss = 0.049451367501419465
r2 = 0.9496234620515064
