eval_loss = 0.04576402367405193
r2 = 0.9526201927402863
