eval_loss = 0.09415082717149527
r2 = 0.9044573119839479
