eval_loss = 0.044344623438738934
r2 = 0.955269621454159
