eval_loss = 0.05567835150255303
r2 = 0.9438367546818378
