eval_loss = 0.15698962170317504
r2 = 0.8448165132239455
