eval_loss = 0.18011844573387256
r2 = 0.8170603723910348
rsme = 0.4244036480555831
