eval_loss = 0.7152796637992933
r2 = 0.27713286996438113
