eval_loss = 0.055922019818872716
r2 = 0.9428935338211877
