eval_loss = 0.06303103775061017
r2 = 0.9385159725811466
