eval_loss = 0.1921910111343971
r2 = 0.8050357767273716
rsme = 0.4383959621783417
