eval_loss = 0.20423947572621895
r2 = 0.806583129132562
rsme = 0.451928614658166
