eval_loss = 0.800618421129459
r2 = 0.19451833224696147
