eval_loss = 0.04380819971060643
r2 = 0.9554215261972941
