eval_loss = 0.17252151116176886
r2 = 0.8224038016272364
rsme = 0.41535709537784166
