eval_loss = 0.32307915270855997
r2 = 0.6984545084580684
