eval_loss = 0.044342246860572004
r2 = 0.9548797548003137
