eval_loss = 0.04525537462748787
r2 = 0.9554918348953672
