eval_loss = 0.056856557622164385
r2 = 0.9417840785388484
