eval_loss = 0.4418346017650846
r2 = 0.4546452417157516
