eval_loss = 0.3839325024927449
r2 = 0.550320863922486
