eval_loss = 0.38795997650810965
r2 = 0.7086552622442834
