eval_loss = 0.16118717612698674
r2 = 0.8393859475373999
rsme = 0.4014812223953135
