eval_loss = 0.04914538446507548
r2 = 0.9522219363252471
