eval_loss = 0.2808232450552812
r2 = 0.7379083633747201
