eval_loss = 0.1981021344696206
r2 = 0.8016724437214726
rsme = 0.4450866394139211
