eval_loss = 0.7625308971334662
r2 = -0.008294234197593342
