eval_loss = 0.06082889686444862
r2 = 0.9388758843096446
