eval_loss = 0.6003500624040586
r2 = 0.35286419941953684
