eval_loss = 0.17773049615358036
r2 = 0.820685766331222
rsme = 0.42158093623517706
