eval_loss = 0.8575933840068187
r2 = 0.09531354655927216
