eval_loss = 0.04930384423358728
r2 = 0.9489230390815229
