eval_loss = 0.9988068816280514
r2 = -0.0004296655970628116
