eval_loss = 0.9937594103011576
r2 = 0.0002041348917025676
