eval_loss = 0.05349167779200529
r2 = 0.9490113879049152
