eval_loss = 0.18706821147524924
r2 = 0.8078239197882032
rsme = 0.43251382527277193
