eval_loss = 0.07392495680262878
r2 = 0.9223082121052897
