eval_loss = 0.16979532742105355
r2 = 0.8310248423794411
rsme = 0.41206227616463587
