eval_loss = 0.8820414721228422
r2 = 0.11658362440393955
