eval_loss = 0.16208112238601377
r2 = 0.8381869632946177
