eval_loss = 0.04728396459648248
r2 = 0.9538046423233474
