eval_loss = 0.04977302564833088
r2 = 0.9491152394120564
