eval_loss = 0.052964638243585625
r2 = 0.9485352411687722
