eval_loss = 0.04830305320492027
r2 = 0.9539221370020908
