eval_loss = 0.42973596618337706
r2 = 0.5378645182493621
