eval_loss = 0.05481506605795116
r2 = 0.9465086720694477
