eval_loss = 0.611412248775361
r2 = 0.38831485226520635
